2022/03/31-21:06:40.815089 115324dc0 RocksDB version: 6.17.3
2022/03/31-21:06:40.815764 115324dc0 Git sha rocksdb_build_git_sha:@09c7e96eac1ab983f97ce9e0406730b8014b3398@
2022/03/31-21:06:40.815773 115324dc0 Compile date Oct 27 2021
2022/03/31-21:06:40.815845 115324dc0 DB SUMMARY
2022/03/31-21:06:40.815855 115324dc0 DB Session ID:  6NF2CCGWHMSQJ0BSJHT8
2022/03/31-21:06:40.815970 115324dc0 SST files in test-ledger/rocksdb dir, Total Num: 0, files: 
2022/03/31-21:06:40.815978 115324dc0 Write Ahead Log file in test-ledger/rocksdb: 
2022/03/31-21:06:40.815983 115324dc0                         Options.error_if_exists: 0
2022/03/31-21:06:40.815986 115324dc0                       Options.create_if_missing: 1
2022/03/31-21:06:40.815989 115324dc0                         Options.paranoid_checks: 1
2022/03/31-21:06:40.815992 115324dc0                               Options.track_and_verify_wals_in_manifest: 0
2022/03/31-21:06:40.815996 115324dc0                                     Options.env: 0x110eb4108
2022/03/31-21:06:40.816000 115324dc0                                      Options.fs: Posix File System
2022/03/31-21:06:40.816004 115324dc0                                Options.info_log: 0x7fafb7421d40
2022/03/31-21:06:40.816007 115324dc0                Options.max_file_opening_threads: 16
2022/03/31-21:06:40.816011 115324dc0                              Options.statistics: 0x0
2022/03/31-21:06:40.816015 115324dc0                               Options.use_fsync: 0
2022/03/31-21:06:40.816018 115324dc0                       Options.max_log_file_size: 0
2022/03/31-21:06:40.816021 115324dc0                  Options.max_manifest_file_size: 1073741824
2022/03/31-21:06:40.816024 115324dc0                   Options.log_file_time_to_roll: 0
2022/03/31-21:06:40.816028 115324dc0                       Options.keep_log_file_num: 1000
2022/03/31-21:06:40.816031 115324dc0                    Options.recycle_log_file_num: 0
2022/03/31-21:06:40.816035 115324dc0                         Options.allow_fallocate: 1
2022/03/31-21:06:40.816038 115324dc0                        Options.allow_mmap_reads: 0
2022/03/31-21:06:40.816042 115324dc0                       Options.allow_mmap_writes: 0
2022/03/31-21:06:40.816045 115324dc0                        Options.use_direct_reads: 0
2022/03/31-21:06:40.816048 115324dc0                        Options.use_direct_io_for_flush_and_compaction: 0
2022/03/31-21:06:40.816052 115324dc0          Options.create_missing_column_families: 1
2022/03/31-21:06:40.816055 115324dc0                              Options.db_log_dir: 
2022/03/31-21:06:40.816058 115324dc0                                 Options.wal_dir: test-ledger/rocksdb
2022/03/31-21:06:40.816061 115324dc0                Options.table_cache_numshardbits: 6
2022/03/31-21:06:40.816064 115324dc0                         Options.WAL_ttl_seconds: 0
2022/03/31-21:06:40.816067 115324dc0                       Options.WAL_size_limit_MB: 0
2022/03/31-21:06:40.816071 115324dc0                        Options.max_write_batch_group_size_bytes: 1048576
2022/03/31-21:06:40.816074 115324dc0             Options.manifest_preallocation_size: 4194304
2022/03/31-21:06:40.816078 115324dc0                     Options.is_fd_close_on_exec: 1
2022/03/31-21:06:40.816081 115324dc0                   Options.advise_random_on_open: 1
2022/03/31-21:06:40.816084 115324dc0                    Options.db_write_buffer_size: 0
2022/03/31-21:06:40.816087 115324dc0                    Options.write_buffer_manager: 0x7fafb7421cb0
2022/03/31-21:06:40.816091 115324dc0         Options.access_hint_on_compaction_start: 1
2022/03/31-21:06:40.816094 115324dc0  Options.new_table_reader_for_compaction_inputs: 0
2022/03/31-21:06:40.816097 115324dc0           Options.random_access_max_buffer_size: 1048576
2022/03/31-21:06:40.816100 115324dc0                      Options.use_adaptive_mutex: 0
2022/03/31-21:06:40.816103 115324dc0                            Options.rate_limiter: 0x0
2022/03/31-21:06:40.816107 115324dc0     Options.sst_file_manager.rate_bytes_per_sec: 0
2022/03/31-21:06:40.816110 115324dc0                       Options.wal_recovery_mode: 2
2022/03/31-21:06:40.816114 115324dc0                  Options.enable_thread_tracking: 0
2022/03/31-21:06:40.816184 115324dc0                  Options.enable_pipelined_write: 0
2022/03/31-21:06:40.816189 115324dc0                  Options.unordered_write: 0
2022/03/31-21:06:40.816192 115324dc0         Options.allow_concurrent_memtable_write: 1
2022/03/31-21:06:40.816195 115324dc0      Options.enable_write_thread_adaptive_yield: 1
2022/03/31-21:06:40.816198 115324dc0             Options.write_thread_max_yield_usec: 100
2022/03/31-21:06:40.816201 115324dc0            Options.write_thread_slow_yield_usec: 3
2022/03/31-21:06:40.816205 115324dc0                               Options.row_cache: None
2022/03/31-21:06:40.816208 115324dc0                              Options.wal_filter: None
2022/03/31-21:06:40.816211 115324dc0             Options.avoid_flush_during_recovery: 0
2022/03/31-21:06:40.816214 115324dc0             Options.allow_ingest_behind: 0
2022/03/31-21:06:40.816217 115324dc0             Options.preserve_deletes: 0
2022/03/31-21:06:40.816220 115324dc0             Options.two_write_queues: 0
2022/03/31-21:06:40.816223 115324dc0             Options.manual_wal_flush: 0
2022/03/31-21:06:40.816226 115324dc0             Options.atomic_flush: 0
2022/03/31-21:06:40.816229 115324dc0             Options.avoid_unnecessary_blocking_io: 0
2022/03/31-21:06:40.816232 115324dc0                 Options.persist_stats_to_disk: 0
2022/03/31-21:06:40.816235 115324dc0                 Options.write_dbid_to_manifest: 0
2022/03/31-21:06:40.816238 115324dc0                 Options.log_readahead_size: 0
2022/03/31-21:06:40.816242 115324dc0                 Options.file_checksum_gen_factory: Unknown
2022/03/31-21:06:40.816245 115324dc0                 Options.best_efforts_recovery: 0
2022/03/31-21:06:40.816248 115324dc0                Options.max_bgerror_resume_count: 2147483647
2022/03/31-21:06:40.816251 115324dc0            Options.bgerror_resume_retry_interval: 1000000
2022/03/31-21:06:40.816255 115324dc0             Options.allow_data_in_errors: 0
2022/03/31-21:06:40.816258 115324dc0             Options.db_host_id: __hostname__
2022/03/31-21:06:40.816261 115324dc0             Options.max_background_jobs: 4
2022/03/31-21:06:40.816264 115324dc0             Options.max_background_compactions: -1
2022/03/31-21:06:40.816267 115324dc0             Options.max_subcompactions: 1
2022/03/31-21:06:40.816271 115324dc0             Options.avoid_flush_during_shutdown: 0
2022/03/31-21:06:40.816274 115324dc0           Options.writable_file_max_buffer_size: 1048576
2022/03/31-21:06:40.816277 115324dc0             Options.delayed_write_rate : 16777216
2022/03/31-21:06:40.816280 115324dc0             Options.max_total_wal_size: 4294967296
2022/03/31-21:06:40.816284 115324dc0             Options.delete_obsolete_files_period_micros: 21600000000
2022/03/31-21:06:40.816287 115324dc0                   Options.stats_dump_period_sec: 600
2022/03/31-21:06:40.816289 115324dc0                 Options.stats_persist_period_sec: 600
2022/03/31-21:06:40.816291 115324dc0                 Options.stats_history_buffer_size: 1048576
2022/03/31-21:06:40.816293 115324dc0                          Options.max_open_files: -1
2022/03/31-21:06:40.816295 115324dc0                          Options.bytes_per_sync: 0
2022/03/31-21:06:40.816297 115324dc0                      Options.wal_bytes_per_sync: 0
2022/03/31-21:06:40.816299 115324dc0                   Options.strict_bytes_per_sync: 0
2022/03/31-21:06:40.816301 115324dc0       Options.compaction_readahead_size: 0
2022/03/31-21:06:40.816303 115324dc0                  Options.max_background_flushes: -1
2022/03/31-21:06:40.816305 115324dc0 Compression algorithms supported:
2022/03/31-21:06:40.816307 115324dc0 	kZSTD supported: 0
2022/03/31-21:06:40.816309 115324dc0 	kZlibCompression supported: 0
2022/03/31-21:06:40.816312 115324dc0 	kXpressCompression supported: 0
2022/03/31-21:06:40.816314 115324dc0 	kSnappyCompression supported: 0
2022/03/31-21:06:40.816316 115324dc0 	kZSTDNotFinalCompression supported: 0
2022/03/31-21:06:40.816318 115324dc0 	kLZ4HCCompression supported: 1
2022/03/31-21:06:40.816359 115324dc0 	kLZ4Compression supported: 1
2022/03/31-21:06:40.816361 115324dc0 	kBZip2Compression supported: 0
2022/03/31-21:06:40.816364 115324dc0 Fast CRC32 supported: Supported on x86
2022/03/31-21:06:40.817273 115324dc0 [db/db_impl/db_impl_open.cc:283] Creating manifest 1 
2022/03/31-21:06:40.818602 115324dc0 [db/version_set.cc:4757] Recovering from manifest file: test-ledger/rocksdb/MANIFEST-000001
2022/03/31-21:06:40.819463 115324dc0 [db/column_family.cc:597] --------------- Options for column family [default]:
2022/03/31-21:06:40.819476 115324dc0               Options.comparator: leveldb.BytewiseComparator
2022/03/31-21:06:40.819479 115324dc0           Options.merge_operator: None
2022/03/31-21:06:40.819482 115324dc0        Options.compaction_filter: None
2022/03/31-21:06:40.819484 115324dc0        Options.compaction_filter_factory: None
2022/03/31-21:06:40.819486 115324dc0  Options.sst_partitioner_factory: None
2022/03/31-21:06:40.819488 115324dc0         Options.memtable_factory: SkipListFactory
2022/03/31-21:06:40.819490 115324dc0            Options.table_factory: BlockBasedTable
2022/03/31-21:06:40.819528 115324dc0            table_factory options:   flush_block_policy_factory: FlushBlockBySizePolicyFactory (0x7fafb7614680)
  cache_index_and_filter_blocks: 0
  cache_index_and_filter_blocks_with_high_priority: 1
  pin_l0_filter_and_index_blocks_in_cache: 0
  pin_top_level_index_and_filter: 1
  index_type: 0
  data_block_index_type: 0
  index_shortening: 1
  data_block_hash_table_util_ratio: 0.750000
  hash_index_allow_collision: 1
  checksum: 1
  no_block_cache: 0
  block_cache: 0x7fafb7626258
  block_cache_name: LRUCache
  block_cache_options:
    capacity : 8388608
    num_shard_bits : 4
    strict_capacity_limit : 0
    memory_allocator : None
    high_pri_pool_ratio: 0.000
  block_cache_compressed: 0x0
  persistent_cache: 0x0
  block_size: 4096
  block_size_deviation: 10
  block_restart_interval: 16
  index_block_restart_interval: 1
  metadata_block_size: 4096
  partition_filters: 0
  use_delta_encoding: 1
  filter_policy: nullptr
  whole_key_filtering: 1
  verify_compression: 0
  read_amp_bytes_per_bit: 0
  format_version: 4
  enable_index_compression: 1
  block_align: 0
2022/03/31-21:06:40.819534 115324dc0        Options.write_buffer_size: 67108864
2022/03/31-21:06:40.819537 115324dc0  Options.max_write_buffer_number: 2
2022/03/31-21:06:40.819543 115324dc0          Options.compression: NoCompression
2022/03/31-21:06:40.819545 115324dc0                  Options.bottommost_compression: Disabled
2022/03/31-21:06:40.819547 115324dc0       Options.prefix_extractor: nullptr
2022/03/31-21:06:40.819549 115324dc0   Options.memtable_insert_with_hint_prefix_extractor: nullptr
2022/03/31-21:06:40.819551 115324dc0             Options.num_levels: 7
2022/03/31-21:06:40.819553 115324dc0        Options.min_write_buffer_number_to_merge: 1
2022/03/31-21:06:40.819555 115324dc0     Options.max_write_buffer_number_to_maintain: 0
2022/03/31-21:06:40.819557 115324dc0     Options.max_write_buffer_size_to_maintain: 0
2022/03/31-21:06:40.819559 115324dc0            Options.bottommost_compression_opts.window_bits: -14
2022/03/31-21:06:40.819561 115324dc0                  Options.bottommost_compression_opts.level: 32767
2022/03/31-21:06:40.819563 115324dc0               Options.bottommost_compression_opts.strategy: 0
2022/03/31-21:06:40.819565 115324dc0         Options.bottommost_compression_opts.max_dict_bytes: 0
2022/03/31-21:06:40.819567 115324dc0         Options.bottommost_compression_opts.zstd_max_train_bytes: 0
2022/03/31-21:06:40.819569 115324dc0         Options.bottommost_compression_opts.parallel_threads: 1
2022/03/31-21:06:40.819571 115324dc0                  Options.bottommost_compression_opts.enabled: false
2022/03/31-21:06:40.819573 115324dc0            Options.compression_opts.window_bits: -14
2022/03/31-21:06:40.819575 115324dc0                  Options.compression_opts.level: 32767
2022/03/31-21:06:40.819577 115324dc0               Options.compression_opts.strategy: 0
2022/03/31-21:06:40.819579 115324dc0         Options.compression_opts.max_dict_bytes: 0
2022/03/31-21:06:40.819632 115324dc0         Options.compression_opts.zstd_max_train_bytes: 0
2022/03/31-21:06:40.819635 115324dc0         Options.compression_opts.parallel_threads: 1
2022/03/31-21:06:40.819637 115324dc0                  Options.compression_opts.enabled: false
2022/03/31-21:06:40.819639 115324dc0      Options.level0_file_num_compaction_trigger: 4
2022/03/31-21:06:40.819641 115324dc0          Options.level0_slowdown_writes_trigger: 20
2022/03/31-21:06:40.819643 115324dc0              Options.level0_stop_writes_trigger: 36
2022/03/31-21:06:40.819645 115324dc0                   Options.target_file_size_base: 67108864
2022/03/31-21:06:40.819647 115324dc0             Options.target_file_size_multiplier: 1
2022/03/31-21:06:40.819649 115324dc0                Options.max_bytes_for_level_base: 268435456
2022/03/31-21:06:40.819651 115324dc0 Options.level_compaction_dynamic_level_bytes: 0
2022/03/31-21:06:40.819653 115324dc0          Options.max_bytes_for_level_multiplier: 10.000000
2022/03/31-21:06:40.819656 115324dc0 Options.max_bytes_for_level_multiplier_addtl[0]: 1
2022/03/31-21:06:40.819658 115324dc0 Options.max_bytes_for_level_multiplier_addtl[1]: 1
2022/03/31-21:06:40.819660 115324dc0 Options.max_bytes_for_level_multiplier_addtl[2]: 1
2022/03/31-21:06:40.819662 115324dc0 Options.max_bytes_for_level_multiplier_addtl[3]: 1
2022/03/31-21:06:40.819664 115324dc0 Options.max_bytes_for_level_multiplier_addtl[4]: 1
2022/03/31-21:06:40.819666 115324dc0 Options.max_bytes_for_level_multiplier_addtl[5]: 1
2022/03/31-21:06:40.819668 115324dc0 Options.max_bytes_for_level_multiplier_addtl[6]: 1
2022/03/31-21:06:40.819670 115324dc0       Options.max_sequential_skip_in_iterations: 8
2022/03/31-21:06:40.819671 115324dc0                    Options.max_compaction_bytes: 1677721600
2022/03/31-21:06:40.819673 115324dc0                        Options.arena_block_size: 8388608
2022/03/31-21:06:40.819675 115324dc0   Options.soft_pending_compaction_bytes_limit: 68719476736
2022/03/31-21:06:40.819677 115324dc0   Options.hard_pending_compaction_bytes_limit: 274877906944
2022/03/31-21:06:40.819680 115324dc0       Options.rate_limit_delay_max_milliseconds: 100
2022/03/31-21:06:40.819681 115324dc0                Options.disable_auto_compactions: 0
2022/03/31-21:06:40.819684 115324dc0                        Options.compaction_style: kCompactionStyleLevel
2022/03/31-21:06:40.819686 115324dc0                          Options.compaction_pri: kMinOverlappingRatio
2022/03/31-21:06:40.819688 115324dc0 Options.compaction_options_universal.size_ratio: 1
2022/03/31-21:06:40.819690 115324dc0 Options.compaction_options_universal.min_merge_width: 2
2022/03/31-21:06:40.819692 115324dc0 Options.compaction_options_universal.max_merge_width: 4294967295
2022/03/31-21:06:40.819694 115324dc0 Options.compaction_options_universal.max_size_amplification_percent: 200
2022/03/31-21:06:40.819696 115324dc0 Options.compaction_options_universal.compression_size_percent: -1
2022/03/31-21:06:40.819699 115324dc0 Options.compaction_options_universal.stop_style: kCompactionStopStyleTotalSize
2022/03/31-21:06:40.819700 115324dc0 Options.compaction_options_fifo.max_table_files_size: 1073741824
2022/03/31-21:06:40.819702 115324dc0 Options.compaction_options_fifo.allow_compaction: 0
2022/03/31-21:06:40.819715 115324dc0                   Options.table_properties_collectors: 
2022/03/31-21:06:40.819717 115324dc0                   Options.inplace_update_support: 0
2022/03/31-21:06:40.819719 115324dc0                 Options.inplace_update_num_locks: 10000
2022/03/31-21:06:40.819721 115324dc0               Options.memtable_prefix_bloom_size_ratio: 0.000000
2022/03/31-21:06:40.819723 115324dc0               Options.memtable_whole_key_filtering: 0
2022/03/31-21:06:40.819725 115324dc0   Options.memtable_huge_page_size: 0
2022/03/31-21:06:40.819727 115324dc0                           Options.bloom_locality: 0
2022/03/31-21:06:40.819729 115324dc0                    Options.max_successive_merges: 0
2022/03/31-21:06:40.819731 115324dc0                Options.optimize_filters_for_hits: 0
2022/03/31-21:06:40.819763 115324dc0                Options.paranoid_file_checks: 0
2022/03/31-21:06:40.819765 115324dc0                Options.force_consistency_checks: 1
2022/03/31-21:06:40.819767 115324dc0                Options.report_bg_io_stats: 0
2022/03/31-21:06:40.819769 115324dc0                               Options.ttl: 2592000
2022/03/31-21:06:40.819771 115324dc0          Options.periodic_compaction_seconds: 0
2022/03/31-21:06:40.819773 115324dc0                    Options.enable_blob_files: false
2022/03/31-21:06:40.819775 115324dc0                        Options.min_blob_size: 0
2022/03/31-21:06:40.819777 115324dc0                       Options.blob_file_size: 268435456
2022/03/31-21:06:40.819779 115324dc0                Options.blob_compression_type: NoCompression
2022/03/31-21:06:40.819781 115324dc0       Options.enable_blob_garbage_collection: false
2022/03/31-21:06:40.819783 115324dc0   Options.blob_garbage_collection_age_cutoff: 0.250000
2022/03/31-21:06:40.820636 115324dc0 [db/version_set.cc:4805] Recovered from manifest file:test-ledger/rocksdb/MANIFEST-000001 succeeded,manifest_file_number is 1, next_file_number is 3, last_sequence is 0, log_number is 0,prev_log_number is 0,max_column_family is 0,min_log_number_to_keep is 0
2022/03/31-21:06:40.820647 115324dc0 [db/version_set.cc:4814] Column family [default] (ID 0), log number is 0
2022/03/31-21:06:40.820883 115324dc0 [db/version_set.cc:4111] Creating manifest 3
2022/03/31-21:06:40.823409 115324dc0 [db/column_family.cc:597] --------------- Options for column family [meta]:
2022/03/31-21:06:40.823424 115324dc0               Options.comparator: leveldb.BytewiseComparator
2022/03/31-21:06:40.823428 115324dc0           Options.merge_operator: None
2022/03/31-21:06:40.823430 115324dc0        Options.compaction_filter: None
2022/03/31-21:06:40.823440 115324dc0        Options.compaction_filter_factory: purged_slot_filter_factory(meta)
2022/03/31-21:06:40.823442 115324dc0  Options.sst_partitioner_factory: None
2022/03/31-21:06:40.823444 115324dc0         Options.memtable_factory: SkipListFactory
2022/03/31-21:06:40.823447 115324dc0            Options.table_factory: BlockBasedTable
2022/03/31-21:06:40.823496 115324dc0            table_factory options:   flush_block_policy_factory: FlushBlockBySizePolicyFactory (0x7fafb7420d70)
  cache_index_and_filter_blocks: 0
  cache_index_and_filter_blocks_with_high_priority: 1
  pin_l0_filter_and_index_blocks_in_cache: 0
  pin_top_level_index_and_filter: 1
  index_type: 0
  data_block_index_type: 0
  index_shortening: 1
  data_block_hash_table_util_ratio: 0.750000
  hash_index_allow_collision: 1
  checksum: 1
  no_block_cache: 0
  block_cache: 0x7fafb7420db8
  block_cache_name: LRUCache
  block_cache_options:
    capacity : 8388608
    num_shard_bits : 4
    strict_capacity_limit : 0
    memory_allocator : None
    high_pri_pool_ratio: 0.000
  block_cache_compressed: 0x0
  persistent_cache: 0x0
  block_size: 4096
  block_size_deviation: 10
  block_restart_interval: 16
  index_block_restart_interval: 1
  metadata_block_size: 4096
  partition_filters: 0
  use_delta_encoding: 1
  filter_policy: nullptr
  whole_key_filtering: 1
  verify_compression: 0
  read_amp_bytes_per_bit: 0
  format_version: 4
  enable_index_compression: 1
  block_align: 0
2022/03/31-21:06:40.823508 115324dc0        Options.write_buffer_size: 268435456
2022/03/31-21:06:40.823510 115324dc0  Options.max_write_buffer_number: 8
2022/03/31-21:06:40.823513 115324dc0          Options.compression: NoCompression
2022/03/31-21:06:40.823515 115324dc0                  Options.bottommost_compression: Disabled
2022/03/31-21:06:40.823517 115324dc0       Options.prefix_extractor: nullptr
2022/03/31-21:06:40.823519 115324dc0   Options.memtable_insert_with_hint_prefix_extractor: nullptr
2022/03/31-21:06:40.823521 115324dc0             Options.num_levels: 7
2022/03/31-21:06:40.823523 115324dc0        Options.min_write_buffer_number_to_merge: 1
2022/03/31-21:06:40.823525 115324dc0     Options.max_write_buffer_number_to_maintain: 0
2022/03/31-21:06:40.823527 115324dc0     Options.max_write_buffer_size_to_maintain: 0
2022/03/31-21:06:40.823529 115324dc0            Options.bottommost_compression_opts.window_bits: -14
2022/03/31-21:06:40.823531 115324dc0                  Options.bottommost_compression_opts.level: 32767
2022/03/31-21:06:40.823533 115324dc0               Options.bottommost_compression_opts.strategy: 0
2022/03/31-21:06:40.823535 115324dc0         Options.bottommost_compression_opts.max_dict_bytes: 0
2022/03/31-21:06:40.823537 115324dc0         Options.bottommost_compression_opts.zstd_max_train_bytes: 0
2022/03/31-21:06:40.823539 115324dc0         Options.bottommost_compression_opts.parallel_threads: 1
2022/03/31-21:06:40.823541 115324dc0                  Options.bottommost_compression_opts.enabled: false
2022/03/31-21:06:40.823543 115324dc0            Options.compression_opts.window_bits: -14
2022/03/31-21:06:40.823545 115324dc0                  Options.compression_opts.level: 32767
2022/03/31-21:06:40.823547 115324dc0               Options.compression_opts.strategy: 0
2022/03/31-21:06:40.823549 115324dc0         Options.compression_opts.max_dict_bytes: 0
2022/03/31-21:06:40.823551 115324dc0         Options.compression_opts.zstd_max_train_bytes: 0
2022/03/31-21:06:40.823553 115324dc0         Options.compression_opts.parallel_threads: 1
2022/03/31-21:06:40.823555 115324dc0                  Options.compression_opts.enabled: false
2022/03/31-21:06:40.823557 115324dc0      Options.level0_file_num_compaction_trigger: 4
2022/03/31-21:06:40.823627 115324dc0          Options.level0_slowdown_writes_trigger: 20
2022/03/31-21:06:40.823631 115324dc0              Options.level0_stop_writes_trigger: 36
2022/03/31-21:06:40.823633 115324dc0                   Options.target_file_size_base: 107374182
2022/03/31-21:06:40.823635 115324dc0             Options.target_file_size_multiplier: 1
2022/03/31-21:06:40.823637 115324dc0                Options.max_bytes_for_level_base: 1073741824
2022/03/31-21:06:40.823639 115324dc0 Options.level_compaction_dynamic_level_bytes: 0
2022/03/31-21:06:40.823640 115324dc0          Options.max_bytes_for_level_multiplier: 10.000000
2022/03/31-21:06:40.823643 115324dc0 Options.max_bytes_for_level_multiplier_addtl[0]: 1
2022/03/31-21:06:40.823646 115324dc0 Options.max_bytes_for_level_multiplier_addtl[1]: 1
2022/03/31-21:06:40.823648 115324dc0 Options.max_bytes_for_level_multiplier_addtl[2]: 1
2022/03/31-21:06:40.823650 115324dc0 Options.max_bytes_for_level_multiplier_addtl[3]: 1
2022/03/31-21:06:40.823652 115324dc0 Options.max_bytes_for_level_multiplier_addtl[4]: 1
2022/03/31-21:06:40.823654 115324dc0 Options.max_bytes_for_level_multiplier_addtl[5]: 1
2022/03/31-21:06:40.823655 115324dc0 Options.max_bytes_for_level_multiplier_addtl[6]: 1
2022/03/31-21:06:40.823657 115324dc0       Options.max_sequential_skip_in_iterations: 8
2022/03/31-21:06:40.823659 115324dc0                    Options.max_compaction_bytes: 2684354550
2022/03/31-21:06:40.823661 115324dc0                        Options.arena_block_size: 33554432
2022/03/31-21:06:40.823663 115324dc0   Options.soft_pending_compaction_bytes_limit: 68719476736
2022/03/31-21:06:40.823665 115324dc0   Options.hard_pending_compaction_bytes_limit: 274877906944
2022/03/31-21:06:40.823667 115324dc0       Options.rate_limit_delay_max_milliseconds: 100
2022/03/31-21:06:40.823669 115324dc0                Options.disable_auto_compactions: 0
2022/03/31-21:06:40.823672 115324dc0                        Options.compaction_style: kCompactionStyleLevel
2022/03/31-21:06:40.823674 115324dc0                          Options.compaction_pri: kMinOverlappingRatio
2022/03/31-21:06:40.823676 115324dc0 Options.compaction_options_universal.size_ratio: 1
2022/03/31-21:06:40.823678 115324dc0 Options.compaction_options_universal.min_merge_width: 2
2022/03/31-21:06:40.823680 115324dc0 Options.compaction_options_universal.max_merge_width: 4294967295
2022/03/31-21:06:40.823682 115324dc0 Options.compaction_options_universal.max_size_amplification_percent: 200
2022/03/31-21:06:40.823684 115324dc0 Options.compaction_options_universal.compression_size_percent: -1
2022/03/31-21:06:40.823687 115324dc0 Options.compaction_options_universal.stop_style: kCompactionStopStyleTotalSize
2022/03/31-21:06:40.823689 115324dc0 Options.compaction_options_fifo.max_table_files_size: 1073741824
2022/03/31-21:06:40.823691 115324dc0 Options.compaction_options_fifo.allow_compaction: 0
2022/03/31-21:06:40.823696 115324dc0                   Options.table_properties_collectors: 
2022/03/31-21:06:40.823698 115324dc0                   Options.inplace_update_support: 0
2022/03/31-21:06:40.823700 115324dc0                 Options.inplace_update_num_locks: 10000
2022/03/31-21:06:40.823702 115324dc0               Options.memtable_prefix_bloom_size_ratio: 0.000000
2022/03/31-21:06:40.823704 115324dc0               Options.memtable_whole_key_filtering: 0
2022/03/31-21:06:40.823706 115324dc0   Options.memtable_huge_page_size: 0
2022/03/31-21:06:40.823708 115324dc0                           Options.bloom_locality: 0
2022/03/31-21:06:40.823710 115324dc0                    Options.max_successive_merges: 0
2022/03/31-21:06:40.823712 115324dc0                Options.optimize_filters_for_hits: 0
2022/03/31-21:06:40.823714 115324dc0                Options.paranoid_file_checks: 0
2022/03/31-21:06:40.823715 115324dc0                Options.force_consistency_checks: 1
2022/03/31-21:06:40.823717 115324dc0                Options.report_bg_io_stats: 0
2022/03/31-21:06:40.823719 115324dc0                               Options.ttl: 2592000
2022/03/31-21:06:40.823753 115324dc0          Options.periodic_compaction_seconds: 2592000
2022/03/31-21:06:40.823755 115324dc0                    Options.enable_blob_files: false
2022/03/31-21:06:40.823757 115324dc0                        Options.min_blob_size: 0
2022/03/31-21:06:40.823760 115324dc0                       Options.blob_file_size: 268435456
2022/03/31-21:06:40.823762 115324dc0                Options.blob_compression_type: NoCompression
2022/03/31-21:06:40.823764 115324dc0       Options.enable_blob_garbage_collection: false
2022/03/31-21:06:40.823766 115324dc0   Options.blob_garbage_collection_age_cutoff: 0.250000
2022/03/31-21:06:40.823882 115324dc0 [db/db_impl/db_impl.cc:2658] Created column family [meta] (ID 1)
2022/03/31-21:06:40.830005 115324dc0 [db/column_family.cc:597] --------------- Options for column family [dead_slots]:
2022/03/31-21:06:40.830017 115324dc0               Options.comparator: leveldb.BytewiseComparator
2022/03/31-21:06:40.830020 115324dc0           Options.merge_operator: None
2022/03/31-21:06:40.830022 115324dc0        Options.compaction_filter: None
2022/03/31-21:06:40.830024 115324dc0        Options.compaction_filter_factory: purged_slot_filter_factory(dead_slots)
2022/03/31-21:06:40.830026 115324dc0  Options.sst_partitioner_factory: None
2022/03/31-21:06:40.830028 115324dc0         Options.memtable_factory: SkipListFactory
2022/03/31-21:06:40.830030 115324dc0            Options.table_factory: BlockBasedTable
2022/03/31-21:06:40.830065 115324dc0            table_factory options:   flush_block_policy_factory: FlushBlockBySizePolicyFactory (0x7fafb7617de0)
  cache_index_and_filter_blocks: 0
  cache_index_and_filter_blocks_with_high_priority: 1
  pin_l0_filter_and_index_blocks_in_cache: 0
  pin_top_level_index_and_filter: 1
  index_type: 0
  data_block_index_type: 0
  index_shortening: 1
  data_block_hash_table_util_ratio: 0.750000
  hash_index_allow_collision: 1
  checksum: 1
  no_block_cache: 0
  block_cache: 0x7fafb7618068
  block_cache_name: LRUCache
  block_cache_options:
    capacity : 8388608
    num_shard_bits : 4
    strict_capacity_limit : 0
    memory_allocator : None
    high_pri_pool_ratio: 0.000
  block_cache_compressed: 0x0
  persistent_cache: 0x0
  block_size: 4096
  block_size_deviation: 10
  block_restart_interval: 16
  index_block_restart_interval: 1
  metadata_block_size: 4096
  partition_filters: 0
  use_delta_encoding: 1
  filter_policy: nullptr
  whole_key_filtering: 1
  verify_compression: 0
  read_amp_bytes_per_bit: 0
  format_version: 4
  enable_index_compression: 1
  block_align: 0
2022/03/31-21:06:40.830071 115324dc0        Options.write_buffer_size: 268435456
2022/03/31-21:06:40.830073 115324dc0  Options.max_write_buffer_number: 8
2022/03/31-21:06:40.830075 115324dc0          Options.compression: NoCompression
2022/03/31-21:06:40.830078 115324dc0                  Options.bottommost_compression: Disabled
2022/03/31-21:06:40.830080 115324dc0       Options.prefix_extractor: nullptr
2022/03/31-21:06:40.830082 115324dc0   Options.memtable_insert_with_hint_prefix_extractor: nullptr
2022/03/31-21:06:40.830084 115324dc0             Options.num_levels: 7
2022/03/31-21:06:40.830086 115324dc0        Options.min_write_buffer_number_to_merge: 1
2022/03/31-21:06:40.830088 115324dc0     Options.max_write_buffer_number_to_maintain: 0
2022/03/31-21:06:40.830089 115324dc0     Options.max_write_buffer_size_to_maintain: 0
2022/03/31-21:06:40.830091 115324dc0            Options.bottommost_compression_opts.window_bits: -14
2022/03/31-21:06:40.830094 115324dc0                  Options.bottommost_compression_opts.level: 32767
2022/03/31-21:06:40.830096 115324dc0               Options.bottommost_compression_opts.strategy: 0
2022/03/31-21:06:40.830098 115324dc0         Options.bottommost_compression_opts.max_dict_bytes: 0
2022/03/31-21:06:40.830100 115324dc0         Options.bottommost_compression_opts.zstd_max_train_bytes: 0
2022/03/31-21:06:40.830102 115324dc0         Options.bottommost_compression_opts.parallel_threads: 1
2022/03/31-21:06:40.830104 115324dc0                  Options.bottommost_compression_opts.enabled: false
2022/03/31-21:06:40.830106 115324dc0            Options.compression_opts.window_bits: -14
2022/03/31-21:06:40.830108 115324dc0                  Options.compression_opts.level: 32767
2022/03/31-21:06:40.830110 115324dc0               Options.compression_opts.strategy: 0
2022/03/31-21:06:40.830112 115324dc0         Options.compression_opts.max_dict_bytes: 0
2022/03/31-21:06:40.830113 115324dc0         Options.compression_opts.zstd_max_train_bytes: 0
2022/03/31-21:06:40.830115 115324dc0         Options.compression_opts.parallel_threads: 1
2022/03/31-21:06:40.830117 115324dc0                  Options.compression_opts.enabled: false
2022/03/31-21:06:40.830119 115324dc0      Options.level0_file_num_compaction_trigger: 4
2022/03/31-21:06:40.830175 115324dc0          Options.level0_slowdown_writes_trigger: 20
2022/03/31-21:06:40.830177 115324dc0              Options.level0_stop_writes_trigger: 36
2022/03/31-21:06:40.830179 115324dc0                   Options.target_file_size_base: 107374182
2022/03/31-21:06:40.830181 115324dc0             Options.target_file_size_multiplier: 1
2022/03/31-21:06:40.830183 115324dc0                Options.max_bytes_for_level_base: 1073741824
2022/03/31-21:06:40.830185 115324dc0 Options.level_compaction_dynamic_level_bytes: 0
2022/03/31-21:06:40.830187 115324dc0          Options.max_bytes_for_level_multiplier: 10.000000
2022/03/31-21:06:40.830190 115324dc0 Options.max_bytes_for_level_multiplier_addtl[0]: 1
2022/03/31-21:06:40.830192 115324dc0 Options.max_bytes_for_level_multiplier_addtl[1]: 1
2022/03/31-21:06:40.830194 115324dc0 Options.max_bytes_for_level_multiplier_addtl[2]: 1
2022/03/31-21:06:40.830196 115324dc0 Options.max_bytes_for_level_multiplier_addtl[3]: 1
2022/03/31-21:06:40.830198 115324dc0 Options.max_bytes_for_level_multiplier_addtl[4]: 1
2022/03/31-21:06:40.830200 115324dc0 Options.max_bytes_for_level_multiplier_addtl[5]: 1
2022/03/31-21:06:40.830202 115324dc0 Options.max_bytes_for_level_multiplier_addtl[6]: 1
2022/03/31-21:06:40.830204 115324dc0       Options.max_sequential_skip_in_iterations: 8
2022/03/31-21:06:40.830206 115324dc0                    Options.max_compaction_bytes: 2684354550
2022/03/31-21:06:40.830208 115324dc0                        Options.arena_block_size: 33554432
2022/03/31-21:06:40.830210 115324dc0   Options.soft_pending_compaction_bytes_limit: 68719476736
2022/03/31-21:06:40.830212 115324dc0   Options.hard_pending_compaction_bytes_limit: 274877906944
2022/03/31-21:06:40.830214 115324dc0       Options.rate_limit_delay_max_milliseconds: 100
2022/03/31-21:06:40.830216 115324dc0                Options.disable_auto_compactions: 0
2022/03/31-21:06:40.830218 115324dc0                        Options.compaction_style: kCompactionStyleLevel
2022/03/31-21:06:40.830221 115324dc0                          Options.compaction_pri: kMinOverlappingRatio
2022/03/31-21:06:40.830223 115324dc0 Options.compaction_options_universal.size_ratio: 1
2022/03/31-21:06:40.830224 115324dc0 Options.compaction_options_universal.min_merge_width: 2
2022/03/31-21:06:40.830226 115324dc0 Options.compaction_options_universal.max_merge_width: 4294967295
2022/03/31-21:06:40.830228 115324dc0 Options.compaction_options_universal.max_size_amplification_percent: 200
2022/03/31-21:06:40.830230 115324dc0 Options.compaction_options_universal.compression_size_percent: -1
2022/03/31-21:06:40.830233 115324dc0 Options.compaction_options_universal.stop_style: kCompactionStopStyleTotalSize
2022/03/31-21:06:40.830235 115324dc0 Options.compaction_options_fifo.max_table_files_size: 1073741824
2022/03/31-21:06:40.830237 115324dc0 Options.compaction_options_fifo.allow_compaction: 0
2022/03/31-21:06:40.830241 115324dc0                   Options.table_properties_collectors: 
2022/03/31-21:06:40.830243 115324dc0                   Options.inplace_update_support: 0
2022/03/31-21:06:40.830245 115324dc0                 Options.inplace_update_num_locks: 10000
2022/03/31-21:06:40.830247 115324dc0               Options.memtable_prefix_bloom_size_ratio: 0.000000
2022/03/31-21:06:40.830249 115324dc0               Options.memtable_whole_key_filtering: 0
2022/03/31-21:06:40.830251 115324dc0   Options.memtable_huge_page_size: 0
2022/03/31-21:06:40.830253 115324dc0                           Options.bloom_locality: 0
2022/03/31-21:06:40.830255 115324dc0                    Options.max_successive_merges: 0
2022/03/31-21:06:40.830257 115324dc0                Options.optimize_filters_for_hits: 0
2022/03/31-21:06:40.830258 115324dc0                Options.paranoid_file_checks: 0
2022/03/31-21:06:40.830260 115324dc0                Options.force_consistency_checks: 1
2022/03/31-21:06:40.830262 115324dc0                Options.report_bg_io_stats: 0
2022/03/31-21:06:40.830264 115324dc0                               Options.ttl: 2592000
2022/03/31-21:06:40.830296 115324dc0          Options.periodic_compaction_seconds: 2592000
2022/03/31-21:06:40.830299 115324dc0                    Options.enable_blob_files: false
2022/03/31-21:06:40.830301 115324dc0                        Options.min_blob_size: 0
2022/03/31-21:06:40.830303 115324dc0                       Options.blob_file_size: 268435456
2022/03/31-21:06:40.830305 115324dc0                Options.blob_compression_type: NoCompression
2022/03/31-21:06:40.830307 115324dc0       Options.enable_blob_garbage_collection: false
2022/03/31-21:06:40.830308 115324dc0   Options.blob_garbage_collection_age_cutoff: 0.250000
2022/03/31-21:06:40.830399 115324dc0 [db/db_impl/db_impl.cc:2658] Created column family [dead_slots] (ID 2)
2022/03/31-21:06:40.835557 115324dc0 [db/column_family.cc:597] --------------- Options for column family [duplicate_slots]:
2022/03/31-21:06:40.835571 115324dc0               Options.comparator: leveldb.BytewiseComparator
2022/03/31-21:06:40.835576 115324dc0           Options.merge_operator: None
2022/03/31-21:06:40.835580 115324dc0        Options.compaction_filter: None
2022/03/31-21:06:40.835584 115324dc0        Options.compaction_filter_factory: purged_slot_filter_factory(duplicate_slots)
2022/03/31-21:06:40.835588 115324dc0  Options.sst_partitioner_factory: None
2022/03/31-21:06:40.835591 115324dc0         Options.memtable_factory: SkipListFactory
2022/03/31-21:06:40.835595 115324dc0            Options.table_factory: BlockBasedTable
2022/03/31-21:06:40.835650 115324dc0            table_factory options:   flush_block_policy_factory: FlushBlockBySizePolicyFactory (0x7fafb7618d50)
  cache_index_and_filter_blocks: 0
  cache_index_and_filter_blocks_with_high_priority: 1
  pin_l0_filter_and_index_blocks_in_cache: 0
  pin_top_level_index_and_filter: 1
  index_type: 0
  data_block_index_type: 0
  index_shortening: 1
  data_block_hash_table_util_ratio: 0.750000
  hash_index_allow_collision: 1
  checksum: 1
  no_block_cache: 0
  block_cache: 0x7fafb7618d98
  block_cache_name: LRUCache
  block_cache_options:
    capacity : 8388608
    num_shard_bits : 4
    strict_capacity_limit : 0
    memory_allocator : None
    high_pri_pool_ratio: 0.000
  block_cache_compressed: 0x0
  persistent_cache: 0x0
  block_size: 4096
  block_size_deviation: 10
  block_restart_interval: 16
  index_block_restart_interval: 1
  metadata_block_size: 4096
  partition_filters: 0
  use_delta_encoding: 1
  filter_policy: nullptr
  whole_key_filtering: 1
  verify_compression: 0
  read_amp_bytes_per_bit: 0
  format_version: 4
  enable_index_compression: 1
  block_align: 0
2022/03/31-21:06:40.835658 115324dc0        Options.write_buffer_size: 268435456
2022/03/31-21:06:40.835661 115324dc0  Options.max_write_buffer_number: 8
2022/03/31-21:06:40.835665 115324dc0          Options.compression: NoCompression
2022/03/31-21:06:40.835668 115324dc0                  Options.bottommost_compression: Disabled
2022/03/31-21:06:40.835671 115324dc0       Options.prefix_extractor: nullptr
2022/03/31-21:06:40.835674 115324dc0   Options.memtable_insert_with_hint_prefix_extractor: nullptr
2022/03/31-21:06:40.835676 115324dc0             Options.num_levels: 7
2022/03/31-21:06:40.835679 115324dc0        Options.min_write_buffer_number_to_merge: 1
2022/03/31-21:06:40.835682 115324dc0     Options.max_write_buffer_number_to_maintain: 0
2022/03/31-21:06:40.835685 115324dc0     Options.max_write_buffer_size_to_maintain: 0
2022/03/31-21:06:40.835689 115324dc0            Options.bottommost_compression_opts.window_bits: -14
2022/03/31-21:06:40.835692 115324dc0                  Options.bottommost_compression_opts.level: 32767
2022/03/31-21:06:40.835696 115324dc0               Options.bottommost_compression_opts.strategy: 0
2022/03/31-21:06:40.835699 115324dc0         Options.bottommost_compression_opts.max_dict_bytes: 0
2022/03/31-21:06:40.835702 115324dc0         Options.bottommost_compression_opts.zstd_max_train_bytes: 0
2022/03/31-21:06:40.835706 115324dc0         Options.bottommost_compression_opts.parallel_threads: 1
2022/03/31-21:06:40.835709 115324dc0                  Options.bottommost_compression_opts.enabled: false
2022/03/31-21:06:40.835712 115324dc0            Options.compression_opts.window_bits: -14
2022/03/31-21:06:40.835715 115324dc0                  Options.compression_opts.level: 32767
2022/03/31-21:06:40.835718 115324dc0               Options.compression_opts.strategy: 0
2022/03/31-21:06:40.835721 115324dc0         Options.compression_opts.max_dict_bytes: 0
2022/03/31-21:06:40.835724 115324dc0         Options.compression_opts.zstd_max_train_bytes: 0
2022/03/31-21:06:40.835728 115324dc0         Options.compression_opts.parallel_threads: 1
2022/03/31-21:06:40.835731 115324dc0                  Options.compression_opts.enabled: false
