2022/03/31-21:06:41.824487 115324dc0 RocksDB version: 6.17.3
2022/03/31-21:06:41.824568 115324dc0 Git sha rocksdb_build_git_sha:@09c7e96eac1ab983f97ce9e0406730b8014b3398@
2022/03/31-21:06:41.824573 115324dc0 Compile date Oct 27 2021
2022/03/31-21:06:41.824601 115324dc0 DB SUMMARY
2022/03/31-21:06:41.824603 115324dc0 DB Session ID:  9947GDU3PMBAXHL5KF1Z
2022/03/31-21:06:41.824682 115324dc0 CURRENT file:  CURRENT
2022/03/31-21:06:41.824686 115324dc0 IDENTITY file:  IDENTITY
2022/03/31-21:06:41.824695 115324dc0 MANIFEST file:  MANIFEST-000003 size: 1376 Bytes
2022/03/31-21:06:41.824699 115324dc0 SST files in test-ledger/rocksdb dir, Total Num: 0, files: 
2022/03/31-21:06:41.824702 115324dc0 Write Ahead Log file in test-ledger/rocksdb: 000004.log size: 3918 ; 
2022/03/31-21:06:41.824705 115324dc0                         Options.error_if_exists: 0
2022/03/31-21:06:41.824707 115324dc0                       Options.create_if_missing: 1
2022/03/31-21:06:41.824709 115324dc0                         Options.paranoid_checks: 1
2022/03/31-21:06:41.824711 115324dc0                               Options.track_and_verify_wals_in_manifest: 0
2022/03/31-21:06:41.824713 115324dc0                                     Options.env: 0x110eb4108
2022/03/31-21:06:41.824716 115324dc0                                      Options.fs: Posix File System
2022/03/31-21:06:41.824718 115324dc0                                Options.info_log: 0x7fafb761e410
2022/03/31-21:06:41.824720 115324dc0                Options.max_file_opening_threads: 16
2022/03/31-21:06:41.824722 115324dc0                              Options.statistics: 0x0
2022/03/31-21:06:41.824724 115324dc0                               Options.use_fsync: 0
2022/03/31-21:06:41.824726 115324dc0                       Options.max_log_file_size: 0
2022/03/31-21:06:41.824728 115324dc0                  Options.max_manifest_file_size: 1073741824
2022/03/31-21:06:41.824730 115324dc0                   Options.log_file_time_to_roll: 0
2022/03/31-21:06:41.824731 115324dc0                       Options.keep_log_file_num: 1000
2022/03/31-21:06:41.824733 115324dc0                    Options.recycle_log_file_num: 0
2022/03/31-21:06:41.824735 115324dc0                         Options.allow_fallocate: 1
2022/03/31-21:06:41.824737 115324dc0                        Options.allow_mmap_reads: 0
2022/03/31-21:06:41.824739 115324dc0                       Options.allow_mmap_writes: 0
2022/03/31-21:06:41.824741 115324dc0                        Options.use_direct_reads: 0
2022/03/31-21:06:41.824742 115324dc0                        Options.use_direct_io_for_flush_and_compaction: 0
2022/03/31-21:06:41.824744 115324dc0          Options.create_missing_column_families: 1
2022/03/31-21:06:41.824746 115324dc0                              Options.db_log_dir: 
2022/03/31-21:06:41.824748 115324dc0                                 Options.wal_dir: test-ledger/rocksdb
2022/03/31-21:06:41.824750 115324dc0                Options.table_cache_numshardbits: 6
2022/03/31-21:06:41.824752 115324dc0                         Options.WAL_ttl_seconds: 0
2022/03/31-21:06:41.824754 115324dc0                       Options.WAL_size_limit_MB: 0
2022/03/31-21:06:41.824756 115324dc0                        Options.max_write_batch_group_size_bytes: 1048576
2022/03/31-21:06:41.824758 115324dc0             Options.manifest_preallocation_size: 4194304
2022/03/31-21:06:41.824760 115324dc0                     Options.is_fd_close_on_exec: 1
2022/03/31-21:06:41.824762 115324dc0                   Options.advise_random_on_open: 1
2022/03/31-21:06:41.824763 115324dc0                    Options.db_write_buffer_size: 0
2022/03/31-21:06:41.824765 115324dc0                    Options.write_buffer_manager: 0x7fafb761e360
2022/03/31-21:06:41.824767 115324dc0         Options.access_hint_on_compaction_start: 1
2022/03/31-21:06:41.824769 115324dc0  Options.new_table_reader_for_compaction_inputs: 0
2022/03/31-21:06:41.824771 115324dc0           Options.random_access_max_buffer_size: 1048576
2022/03/31-21:06:41.824773 115324dc0                      Options.use_adaptive_mutex: 0
2022/03/31-21:06:41.824775 115324dc0                            Options.rate_limiter: 0x0
2022/03/31-21:06:41.824816 115324dc0     Options.sst_file_manager.rate_bytes_per_sec: 0
2022/03/31-21:06:41.824819 115324dc0                       Options.wal_recovery_mode: 2
2022/03/31-21:06:41.824821 115324dc0                  Options.enable_thread_tracking: 0
2022/03/31-21:06:41.824822 115324dc0                  Options.enable_pipelined_write: 0
2022/03/31-21:06:41.824824 115324dc0                  Options.unordered_write: 0
2022/03/31-21:06:41.824826 115324dc0         Options.allow_concurrent_memtable_write: 1
2022/03/31-21:06:41.824828 115324dc0      Options.enable_write_thread_adaptive_yield: 1
2022/03/31-21:06:41.824830 115324dc0             Options.write_thread_max_yield_usec: 100
2022/03/31-21:06:41.824832 115324dc0            Options.write_thread_slow_yield_usec: 3
2022/03/31-21:06:41.824834 115324dc0                               Options.row_cache: None
2022/03/31-21:06:41.824835 115324dc0                              Options.wal_filter: None
2022/03/31-21:06:41.824837 115324dc0             Options.avoid_flush_during_recovery: 0
2022/03/31-21:06:41.824839 115324dc0             Options.allow_ingest_behind: 0
2022/03/31-21:06:41.824841 115324dc0             Options.preserve_deletes: 0
2022/03/31-21:06:41.824843 115324dc0             Options.two_write_queues: 0
2022/03/31-21:06:41.824845 115324dc0             Options.manual_wal_flush: 0
2022/03/31-21:06:41.824847 115324dc0             Options.atomic_flush: 0
2022/03/31-21:06:41.824848 115324dc0             Options.avoid_unnecessary_blocking_io: 0
2022/03/31-21:06:41.824850 115324dc0                 Options.persist_stats_to_disk: 0
2022/03/31-21:06:41.824852 115324dc0                 Options.write_dbid_to_manifest: 0
2022/03/31-21:06:41.824854 115324dc0                 Options.log_readahead_size: 0
2022/03/31-21:06:41.824856 115324dc0                 Options.file_checksum_gen_factory: Unknown
2022/03/31-21:06:41.824858 115324dc0                 Options.best_efforts_recovery: 0
2022/03/31-21:06:41.824860 115324dc0                Options.max_bgerror_resume_count: 2147483647
2022/03/31-21:06:41.824862 115324dc0            Options.bgerror_resume_retry_interval: 1000000
2022/03/31-21:06:41.824864 115324dc0             Options.allow_data_in_errors: 0
2022/03/31-21:06:41.824866 115324dc0             Options.db_host_id: __hostname__
2022/03/31-21:06:41.824868 115324dc0             Options.max_background_jobs: 4
2022/03/31-21:06:41.824870 115324dc0             Options.max_background_compactions: -1
2022/03/31-21:06:41.824872 115324dc0             Options.max_subcompactions: 1
2022/03/31-21:06:41.824874 115324dc0             Options.avoid_flush_during_shutdown: 0
2022/03/31-21:06:41.824876 115324dc0           Options.writable_file_max_buffer_size: 1048576
2022/03/31-21:06:41.824878 115324dc0             Options.delayed_write_rate : 16777216
2022/03/31-21:06:41.824880 115324dc0             Options.max_total_wal_size: 4294967296
2022/03/31-21:06:41.824882 115324dc0             Options.delete_obsolete_files_period_micros: 21600000000
2022/03/31-21:06:41.824884 115324dc0                   Options.stats_dump_period_sec: 600
2022/03/31-21:06:41.824886 115324dc0                 Options.stats_persist_period_sec: 600
2022/03/31-21:06:41.824888 115324dc0                 Options.stats_history_buffer_size: 1048576
2022/03/31-21:06:41.824890 115324dc0                          Options.max_open_files: -1
2022/03/31-21:06:41.824891 115324dc0                          Options.bytes_per_sync: 0
2022/03/31-21:06:41.824893 115324dc0                      Options.wal_bytes_per_sync: 0
2022/03/31-21:06:41.824895 115324dc0                   Options.strict_bytes_per_sync: 0
2022/03/31-21:06:41.824897 115324dc0       Options.compaction_readahead_size: 0
2022/03/31-21:06:41.824899 115324dc0                  Options.max_background_flushes: -1
2022/03/31-21:06:41.824901 115324dc0 Compression algorithms supported:
2022/03/31-21:06:41.824903 115324dc0 	kZSTD supported: 0
2022/03/31-21:06:41.824905 115324dc0 	kZlibCompression supported: 0
2022/03/31-21:06:41.824908 115324dc0 	kXpressCompression supported: 0
2022/03/31-21:06:41.824938 115324dc0 	kSnappyCompression supported: 0
2022/03/31-21:06:41.824941 115324dc0 	kZSTDNotFinalCompression supported: 0
2022/03/31-21:06:41.824943 115324dc0 	kLZ4HCCompression supported: 1
2022/03/31-21:06:41.824945 115324dc0 	kLZ4Compression supported: 1
2022/03/31-21:06:41.824947 115324dc0 	kBZip2Compression supported: 0
2022/03/31-21:06:41.824950 115324dc0 Fast CRC32 supported: Supported on x86
2022/03/31-21:06:41.825161 115324dc0 [db/version_set.cc:4757] Recovering from manifest file: test-ledger/rocksdb/MANIFEST-000003
2022/03/31-21:06:41.825269 115324dc0 [db/column_family.cc:597] --------------- Options for column family [default]:
2022/03/31-21:06:41.825275 115324dc0               Options.comparator: leveldb.BytewiseComparator
2022/03/31-21:06:41.825280 115324dc0           Options.merge_operator: None
2022/03/31-21:06:41.825283 115324dc0        Options.compaction_filter: None
2022/03/31-21:06:41.825287 115324dc0        Options.compaction_filter_factory: None
2022/03/31-21:06:41.825290 115324dc0  Options.sst_partitioner_factory: None
2022/03/31-21:06:41.825294 115324dc0         Options.memtable_factory: SkipListFactory
2022/03/31-21:06:41.825297 115324dc0            Options.table_factory: BlockBasedTable
2022/03/31-21:06:41.825339 115324dc0            table_factory options:   flush_block_policy_factory: FlushBlockBySizePolicyFactory (0x7fafb7626d50)
  cache_index_and_filter_blocks: 0
  cache_index_and_filter_blocks_with_high_priority: 1
  pin_l0_filter_and_index_blocks_in_cache: 0
  pin_top_level_index_and_filter: 1
  index_type: 0
  data_block_index_type: 0
  index_shortening: 1
  data_block_hash_table_util_ratio: 0.750000
  hash_index_allow_collision: 1
  checksum: 1
  no_block_cache: 0
  block_cache: 0x7fafb761d358
  block_cache_name: LRUCache
  block_cache_options:
    capacity : 8388608
    num_shard_bits : 4
    strict_capacity_limit : 0
    memory_allocator : None
    high_pri_pool_ratio: 0.000
  block_cache_compressed: 0x0
  persistent_cache: 0x0
  block_size: 4096
  block_size_deviation: 10
  block_restart_interval: 16
  index_block_restart_interval: 1
  metadata_block_size: 4096
  partition_filters: 0
  use_delta_encoding: 1
  filter_policy: nullptr
  whole_key_filtering: 1
  verify_compression: 0
  read_amp_bytes_per_bit: 0
  format_version: 4
  enable_index_compression: 1
  block_align: 0
2022/03/31-21:06:41.825350 115324dc0        Options.write_buffer_size: 67108864
2022/03/31-21:06:41.825354 115324dc0  Options.max_write_buffer_number: 2
2022/03/31-21:06:41.825358 115324dc0          Options.compression: NoCompression
2022/03/31-21:06:41.825361 115324dc0                  Options.bottommost_compression: Disabled
2022/03/31-21:06:41.825365 115324dc0       Options.prefix_extractor: nullptr
2022/03/31-21:06:41.825368 115324dc0   Options.memtable_insert_with_hint_prefix_extractor: nullptr
2022/03/31-21:06:41.825371 115324dc0             Options.num_levels: 7
2022/03/31-21:06:41.825375 115324dc0        Options.min_write_buffer_number_to_merge: 1
2022/03/31-21:06:41.825378 115324dc0     Options.max_write_buffer_number_to_maintain: 0
2022/03/31-21:06:41.825382 115324dc0     Options.max_write_buffer_size_to_maintain: 0
2022/03/31-21:06:41.825385 115324dc0            Options.bottommost_compression_opts.window_bits: -14
2022/03/31-21:06:41.825389 115324dc0                  Options.bottommost_compression_opts.level: 32767
2022/03/31-21:06:41.825393 115324dc0               Options.bottommost_compression_opts.strategy: 0
2022/03/31-21:06:41.825396 115324dc0         Options.bottommost_compression_opts.max_dict_bytes: 0
2022/03/31-21:06:41.825400 115324dc0         Options.bottommost_compression_opts.zstd_max_train_bytes: 0
2022/03/31-21:06:41.825403 115324dc0         Options.bottommost_compression_opts.parallel_threads: 1
2022/03/31-21:06:41.825406 115324dc0                  Options.bottommost_compression_opts.enabled: false
2022/03/31-21:06:41.825410 115324dc0            Options.compression_opts.window_bits: -14
2022/03/31-21:06:41.825413 115324dc0                  Options.compression_opts.level: 32767
2022/03/31-21:06:41.825479 115324dc0               Options.compression_opts.strategy: 0
2022/03/31-21:06:41.825484 115324dc0         Options.compression_opts.max_dict_bytes: 0
2022/03/31-21:06:41.825487 115324dc0         Options.compression_opts.zstd_max_train_bytes: 0
2022/03/31-21:06:41.825491 115324dc0         Options.compression_opts.parallel_threads: 1
2022/03/31-21:06:41.825494 115324dc0                  Options.compression_opts.enabled: false
2022/03/31-21:06:41.825497 115324dc0      Options.level0_file_num_compaction_trigger: 4
2022/03/31-21:06:41.825500 115324dc0          Options.level0_slowdown_writes_trigger: 20
2022/03/31-21:06:41.825504 115324dc0              Options.level0_stop_writes_trigger: 36
2022/03/31-21:06:41.825507 115324dc0                   Options.target_file_size_base: 67108864
2022/03/31-21:06:41.825510 115324dc0             Options.target_file_size_multiplier: 1
2022/03/31-21:06:41.825514 115324dc0                Options.max_bytes_for_level_base: 268435456
2022/03/31-21:06:41.825753 115324dc0 Options.level_compaction_dynamic_level_bytes: 0
2022/03/31-21:06:41.825760 115324dc0          Options.max_bytes_for_level_multiplier: 10.000000
2022/03/31-21:06:41.825766 115324dc0 Options.max_bytes_for_level_multiplier_addtl[0]: 1
2022/03/31-21:06:41.825770 115324dc0 Options.max_bytes_for_level_multiplier_addtl[1]: 1
2022/03/31-21:06:41.825773 115324dc0 Options.max_bytes_for_level_multiplier_addtl[2]: 1
2022/03/31-21:06:41.825776 115324dc0 Options.max_bytes_for_level_multiplier_addtl[3]: 1
2022/03/31-21:06:41.825780 115324dc0 Options.max_bytes_for_level_multiplier_addtl[4]: 1
2022/03/31-21:06:41.825782 115324dc0 Options.max_bytes_for_level_multiplier_addtl[5]: 1
2022/03/31-21:06:41.825785 115324dc0 Options.max_bytes_for_level_multiplier_addtl[6]: 1
2022/03/31-21:06:41.825788 115324dc0       Options.max_sequential_skip_in_iterations: 8
2022/03/31-21:06:41.825791 115324dc0                    Options.max_compaction_bytes: 1677721600
2022/03/31-21:06:41.825794 115324dc0                        Options.arena_block_size: 8388608
2022/03/31-21:06:41.825797 115324dc0   Options.soft_pending_compaction_bytes_limit: 68719476736
2022/03/31-21:06:41.825800 115324dc0   Options.hard_pending_compaction_bytes_limit: 274877906944
2022/03/31-21:06:41.825804 115324dc0       Options.rate_limit_delay_max_milliseconds: 100
2022/03/31-21:06:41.825807 115324dc0                Options.disable_auto_compactions: 0
2022/03/31-21:06:41.825811 115324dc0                        Options.compaction_style: kCompactionStyleLevel
2022/03/31-21:06:41.825814 115324dc0                          Options.compaction_pri: kMinOverlappingRatio
2022/03/31-21:06:41.825817 115324dc0 Options.compaction_options_universal.size_ratio: 1
2022/03/31-21:06:41.825820 115324dc0 Options.compaction_options_universal.min_merge_width: 2
2022/03/31-21:06:41.825823 115324dc0 Options.compaction_options_universal.max_merge_width: 4294967295
2022/03/31-21:06:41.825825 115324dc0 Options.compaction_options_universal.max_size_amplification_percent: 200
2022/03/31-21:06:41.825828 115324dc0 Options.compaction_options_universal.compression_size_percent: -1
2022/03/31-21:06:41.825834 115324dc0 Options.compaction_options_universal.stop_style: kCompactionStopStyleTotalSize
2022/03/31-21:06:41.825837 115324dc0 Options.compaction_options_fifo.max_table_files_size: 1073741824
2022/03/31-21:06:41.825840 115324dc0 Options.compaction_options_fifo.allow_compaction: 0
2022/03/31-21:06:41.825846 115324dc0                   Options.table_properties_collectors: 
2022/03/31-21:06:41.825849 115324dc0                   Options.inplace_update_support: 0
2022/03/31-21:06:41.825852 115324dc0                 Options.inplace_update_num_locks: 10000
2022/03/31-21:06:41.825855 115324dc0               Options.memtable_prefix_bloom_size_ratio: 0.000000
2022/03/31-21:06:41.825860 115324dc0               Options.memtable_whole_key_filtering: 0
2022/03/31-21:06:41.825863 115324dc0   Options.memtable_huge_page_size: 0
2022/03/31-21:06:41.825867 115324dc0                           Options.bloom_locality: 0
2022/03/31-21:06:41.825926 115324dc0                    Options.max_successive_merges: 0
2022/03/31-21:06:41.825929 115324dc0                Options.optimize_filters_for_hits: 0
2022/03/31-21:06:41.825932 115324dc0                Options.paranoid_file_checks: 0
2022/03/31-21:06:41.825934 115324dc0                Options.force_consistency_checks: 1
2022/03/31-21:06:41.825936 115324dc0                Options.report_bg_io_stats: 0
2022/03/31-21:06:41.825937 115324dc0                               Options.ttl: 2592000
2022/03/31-21:06:41.825940 115324dc0          Options.periodic_compaction_seconds: 0
2022/03/31-21:06:41.825942 115324dc0                    Options.enable_blob_files: false
2022/03/31-21:06:41.825944 115324dc0                        Options.min_blob_size: 0
2022/03/31-21:06:41.825946 115324dc0                       Options.blob_file_size: 268435456
2022/03/31-21:06:41.825948 115324dc0                Options.blob_compression_type: NoCompression
2022/03/31-21:06:41.825950 115324dc0       Options.enable_blob_garbage_collection: false
2022/03/31-21:06:41.825952 115324dc0   Options.blob_garbage_collection_age_cutoff: 0.250000
2022/03/31-21:06:41.826038 115324dc0 [db/column_family.cc:597] --------------- Options for column family [meta]:
2022/03/31-21:06:41.826043 115324dc0               Options.comparator: leveldb.BytewiseComparator
2022/03/31-21:06:41.826045 115324dc0           Options.merge_operator: None
2022/03/31-21:06:41.826047 115324dc0        Options.compaction_filter: None
2022/03/31-21:06:41.826050 115324dc0        Options.compaction_filter_factory: purged_slot_filter_factory(meta)
2022/03/31-21:06:41.826052 115324dc0  Options.sst_partitioner_factory: None
2022/03/31-21:06:41.826054 115324dc0         Options.memtable_factory: SkipListFactory
2022/03/31-21:06:41.826056 115324dc0            Options.table_factory: BlockBasedTable
2022/03/31-21:06:41.826082 115324dc0            table_factory options:   flush_block_policy_factory: FlushBlockBySizePolicyFactory (0x7fafb762cad0)
  cache_index_and_filter_blocks: 0
  cache_index_and_filter_blocks_with_high_priority: 1
  pin_l0_filter_and_index_blocks_in_cache: 0
  pin_top_level_index_and_filter: 1
  index_type: 0
  data_block_index_type: 0
  index_shortening: 1
  data_block_hash_table_util_ratio: 0.750000
  hash_index_allow_collision: 1
  checksum: 1
  no_block_cache: 0
  block_cache: 0x7fafb7627e98
  block_cache_name: LRUCache
  block_cache_options:
    capacity : 8388608
    num_shard_bits : 4
    strict_capacity_limit : 0
    memory_allocator : None
    high_pri_pool_ratio: 0.000
  block_cache_compressed: 0x0
  persistent_cache: 0x0
  block_size: 4096
  block_size_deviation: 10
  block_restart_interval: 16
  index_block_restart_interval: 1
  metadata_block_size: 4096
  partition_filters: 0
  use_delta_encoding: 1
  filter_policy: nullptr
  whole_key_filtering: 1
  verify_compression: 0
  read_amp_bytes_per_bit: 0
  format_version: 4
  enable_index_compression: 1
  block_align: 0
2022/03/31-21:06:41.826091 115324dc0        Options.write_buffer_size: 268435456
2022/03/31-21:06:41.826093 115324dc0  Options.max_write_buffer_number: 8
2022/03/31-21:06:41.826095 115324dc0          Options.compression: NoCompression
2022/03/31-21:06:41.826097 115324dc0                  Options.bottommost_compression: Disabled
2022/03/31-21:06:41.826099 115324dc0       Options.prefix_extractor: nullptr
2022/03/31-21:06:41.826101 115324dc0   Options.memtable_insert_with_hint_prefix_extractor: nullptr
2022/03/31-21:06:41.826103 115324dc0             Options.num_levels: 7
2022/03/31-21:06:41.826105 115324dc0        Options.min_write_buffer_number_to_merge: 1
2022/03/31-21:06:41.826107 115324dc0     Options.max_write_buffer_number_to_maintain: 0
2022/03/31-21:06:41.826109 115324dc0     Options.max_write_buffer_size_to_maintain: 0
2022/03/31-21:06:41.826111 115324dc0            Options.bottommost_compression_opts.window_bits: -14
2022/03/31-21:06:41.826113 115324dc0                  Options.bottommost_compression_opts.level: 32767
2022/03/31-21:06:41.826115 115324dc0               Options.bottommost_compression_opts.strategy: 0
2022/03/31-21:06:41.826154 115324dc0         Options.bottommost_compression_opts.max_dict_bytes: 0
2022/03/31-21:06:41.826157 115324dc0         Options.bottommost_compression_opts.zstd_max_train_bytes: 0
2022/03/31-21:06:41.826159 115324dc0         Options.bottommost_compression_opts.parallel_threads: 1
2022/03/31-21:06:41.826161 115324dc0                  Options.bottommost_compression_opts.enabled: false
2022/03/31-21:06:41.826163 115324dc0            Options.compression_opts.window_bits: -14
2022/03/31-21:06:41.826165 115324dc0                  Options.compression_opts.level: 32767
2022/03/31-21:06:41.826167 115324dc0               Options.compression_opts.strategy: 0
2022/03/31-21:06:41.826169 115324dc0         Options.compression_opts.max_dict_bytes: 0
2022/03/31-21:06:41.826171 115324dc0         Options.compression_opts.zstd_max_train_bytes: 0
2022/03/31-21:06:41.826173 115324dc0         Options.compression_opts.parallel_threads: 1
2022/03/31-21:06:41.826175 115324dc0                  Options.compression_opts.enabled: false
2022/03/31-21:06:41.826176 115324dc0      Options.level0_file_num_compaction_trigger: 4
2022/03/31-21:06:41.826178 115324dc0          Options.level0_slowdown_writes_trigger: 20
2022/03/31-21:06:41.826180 115324dc0              Options.level0_stop_writes_trigger: 36
2022/03/31-21:06:41.826182 115324dc0                   Options.target_file_size_base: 107374182
2022/03/31-21:06:41.826184 115324dc0             Options.target_file_size_multiplier: 1
2022/03/31-21:06:41.826186 115324dc0                Options.max_bytes_for_level_base: 1073741824
2022/03/31-21:06:41.826188 115324dc0 Options.level_compaction_dynamic_level_bytes: 0
2022/03/31-21:06:41.826190 115324dc0          Options.max_bytes_for_level_multiplier: 10.000000
2022/03/31-21:06:41.826192 115324dc0 Options.max_bytes_for_level_multiplier_addtl[0]: 1
2022/03/31-21:06:41.826194 115324dc0 Options.max_bytes_for_level_multiplier_addtl[1]: 1
2022/03/31-21:06:41.826196 115324dc0 Options.max_bytes_for_level_multiplier_addtl[2]: 1
2022/03/31-21:06:41.826198 115324dc0 Options.max_bytes_for_level_multiplier_addtl[3]: 1
2022/03/31-21:06:41.826200 115324dc0 Options.max_bytes_for_level_multiplier_addtl[4]: 1
2022/03/31-21:06:41.826202 115324dc0 Options.max_bytes_for_level_multiplier_addtl[5]: 1
2022/03/31-21:06:41.826242 115324dc0 Options.max_bytes_for_level_multiplier_addtl[6]: 1
2022/03/31-21:06:41.826246 115324dc0       Options.max_sequential_skip_in_iterations: 8
2022/03/31-21:06:41.826265 115324dc0                    Options.max_compaction_bytes: 2684354550
2022/03/31-21:06:41.826267 115324dc0                        Options.arena_block_size: 33554432
2022/03/31-21:06:41.826269 115324dc0   Options.soft_pending_compaction_bytes_limit: 68719476736
2022/03/31-21:06:41.826271 115324dc0   Options.hard_pending_compaction_bytes_limit: 274877906944
2022/03/31-21:06:41.826273 115324dc0       Options.rate_limit_delay_max_milliseconds: 100
2022/03/31-21:06:41.826275 115324dc0                Options.disable_auto_compactions: 0
2022/03/31-21:06:41.826278 115324dc0                        Options.compaction_style: kCompactionStyleLevel
2022/03/31-21:06:41.826280 115324dc0                          Options.compaction_pri: kMinOverlappingRatio
2022/03/31-21:06:41.826282 115324dc0 Options.compaction_options_universal.size_ratio: 1
2022/03/31-21:06:41.826284 115324dc0 Options.compaction_options_universal.min_merge_width: 2
2022/03/31-21:06:41.826285 115324dc0 Options.compaction_options_universal.max_merge_width: 4294967295
2022/03/31-21:06:41.826287 115324dc0 Options.compaction_options_universal.max_size_amplification_percent: 200
2022/03/31-21:06:41.826290 115324dc0 Options.compaction_options_universal.compression_size_percent: -1
2022/03/31-21:06:41.826293 115324dc0 Options.compaction_options_universal.stop_style: kCompactionStopStyleTotalSize
2022/03/31-21:06:41.826295 115324dc0 Options.compaction_options_fifo.max_table_files_size: 1073741824
2022/03/31-21:06:41.826297 115324dc0 Options.compaction_options_fifo.allow_compaction: 0
2022/03/31-21:06:41.826340 115324dc0                   Options.table_properties_collectors: 
2022/03/31-21:06:41.826342 115324dc0                   Options.inplace_update_support: 0
2022/03/31-21:06:41.826344 115324dc0                 Options.inplace_update_num_locks: 10000
2022/03/31-21:06:41.826346 115324dc0               Options.memtable_prefix_bloom_size_ratio: 0.000000
2022/03/31-21:06:41.826349 115324dc0               Options.memtable_whole_key_filtering: 0
2022/03/31-21:06:41.826351 115324dc0   Options.memtable_huge_page_size: 0
2022/03/31-21:06:41.826353 115324dc0                           Options.bloom_locality: 0
2022/03/31-21:06:41.826355 115324dc0                    Options.max_successive_merges: 0
2022/03/31-21:06:41.826357 115324dc0                Options.optimize_filters_for_hits: 0
2022/03/31-21:06:41.826359 115324dc0                Options.paranoid_file_checks: 0
2022/03/31-21:06:41.826361 115324dc0                Options.force_consistency_checks: 1
2022/03/31-21:06:41.826363 115324dc0                Options.report_bg_io_stats: 0
2022/03/31-21:06:41.826364 115324dc0                               Options.ttl: 2592000
2022/03/31-21:06:41.826367 115324dc0          Options.periodic_compaction_seconds: 2592000
2022/03/31-21:06:41.826368 115324dc0                    Options.enable_blob_files: false
2022/03/31-21:06:41.826370 115324dc0                        Options.min_blob_size: 0
2022/03/31-21:06:41.826372 115324dc0                       Options.blob_file_size: 268435456
2022/03/31-21:06:41.826374 115324dc0                Options.blob_compression_type: NoCompression
2022/03/31-21:06:41.826376 115324dc0       Options.enable_blob_garbage_collection: false
2022/03/31-21:06:41.826378 115324dc0   Options.blob_garbage_collection_age_cutoff: 0.250000
2022/03/31-21:06:41.826430 115324dc0 [db/column_family.cc:597] --------------- Options for column family [dead_slots]:
2022/03/31-21:06:41.826434 115324dc0               Options.comparator: leveldb.BytewiseComparator
2022/03/31-21:06:41.826436 115324dc0           Options.merge_operator: None
2022/03/31-21:06:41.826438 115324dc0        Options.compaction_filter: None
2022/03/31-21:06:41.826440 115324dc0        Options.compaction_filter_factory: purged_slot_filter_factory(dead_slots)
2022/03/31-21:06:41.826442 115324dc0  Options.sst_partitioner_factory: None
2022/03/31-21:06:41.826444 115324dc0         Options.memtable_factory: SkipListFactory
2022/03/31-21:06:41.826446 115324dc0            Options.table_factory: BlockBasedTable
2022/03/31-21:06:41.826468 115324dc0            table_factory options:   flush_block_policy_factory: FlushBlockBySizePolicyFactory (0x7fafb7627070)
  cache_index_and_filter_blocks: 0
  cache_index_and_filter_blocks_with_high_priority: 1
  pin_l0_filter_and_index_blocks_in_cache: 0
  pin_top_level_index_and_filter: 1
  index_type: 0
  data_block_index_type: 0
  index_shortening: 1
  data_block_hash_table_util_ratio: 0.750000
  hash_index_allow_collision: 1
  checksum: 1
  no_block_cache: 0
  block_cache: 0x7fafb76270b8
  block_cache_name: LRUCache
  block_cache_options:
    capacity : 8388608
    num_shard_bits : 4
    strict_capacity_limit : 0
    memory_allocator : None
    high_pri_pool_ratio: 0.000
  block_cache_compressed: 0x0
  persistent_cache: 0x0
  block_size: 4096
  block_size_deviation: 10
  block_restart_interval: 16
  index_block_restart_interval: 1
  metadata_block_size: 4096
  partition_filters: 0
  use_delta_encoding: 1
  filter_policy: nullptr
  whole_key_filtering: 1
  verify_compression: 0
  read_amp_bytes_per_bit: 0
  format_version: 4
  enable_index_compression: 1
  block_align: 0
2022/03/31-21:06:41.826473 115324dc0        Options.write_buffer_size: 268435456
2022/03/31-21:06:41.826476 115324dc0  Options.max_write_buffer_number: 8
2022/03/31-21:06:41.826478 115324dc0          Options.compression: NoCompression
2022/03/31-21:06:41.826479 115324dc0                  Options.bottommost_compression: Disabled
2022/03/31-21:06:41.826481 115324dc0       Options.prefix_extractor: nullptr
2022/03/31-21:06:41.826483 115324dc0   Options.memtable_insert_with_hint_prefix_extractor: nullptr
2022/03/31-21:06:41.826516 115324dc0             Options.num_levels: 7
2022/03/31-21:06:41.826519 115324dc0        Options.min_write_buffer_number_to_merge: 1
2022/03/31-21:06:41.826521 115324dc0     Options.max_write_buffer_number_to_maintain: 0
2022/03/31-21:06:41.826523 115324dc0     Options.max_write_buffer_size_to_maintain: 0
2022/03/31-21:06:41.826525 115324dc0            Options.bottommost_compression_opts.window_bits: -14
2022/03/31-21:06:41.826527 115324dc0                  Options.bottommost_compression_opts.level: 32767
2022/03/31-21:06:41.826529 115324dc0               Options.bottommost_compression_opts.strategy: 0
2022/03/31-21:06:41.826531 115324dc0         Options.bottommost_compression_opts.max_dict_bytes: 0
2022/03/31-21:06:41.826533 115324dc0         Options.bottommost_compression_opts.zstd_max_train_bytes: 0
2022/03/31-21:06:41.826535 115324dc0         Options.bottommost_compression_opts.parallel_threads: 1
2022/03/31-21:06:41.826537 115324dc0                  Options.bottommost_compression_opts.enabled: false
2022/03/31-21:06:41.826538 115324dc0            Options.compression_opts.window_bits: -14
2022/03/31-21:06:41.826540 115324dc0                  Options.compression_opts.level: 32767
2022/03/31-21:06:41.826542 115324dc0               Options.compression_opts.strategy: 0
2022/03/31-21:06:41.826544 115324dc0         Options.compression_opts.max_dict_bytes: 0
2022/03/31-21:06:41.826546 115324dc0         Options.compression_opts.zstd_max_train_bytes: 0
2022/03/31-21:06:41.826548 115324dc0         Options.compression_opts.parallel_threads: 1
2022/03/31-21:06:41.826550 115324dc0                  Options.compression_opts.enabled: false
2022/03/31-21:06:41.826552 115324dc0      Options.level0_file_num_compaction_trigger: 4
2022/03/31-21:06:41.826554 115324dc0          Options.level0_slowdown_writes_trigger: 20
2022/03/31-21:06:41.826556 115324dc0              Options.level0_stop_writes_trigger: 36
2022/03/31-21:06:41.826558 115324dc0                   Options.target_file_size_base: 107374182
2022/03/31-21:06:41.826559 115324dc0             Options.target_file_size_multiplier: 1
2022/03/31-21:06:41.826561 115324dc0                Options.max_bytes_for_level_base: 1073741824
2022/03/31-21:06:41.826563 115324dc0 Options.level_compaction_dynamic_level_bytes: 0
2022/03/31-21:06:41.826565 115324dc0          Options.max_bytes_for_level_multiplier: 10.000000
2022/03/31-21:06:41.826568 115324dc0 Options.max_bytes_for_level_multiplier_addtl[0]: 1
2022/03/31-21:06:41.826570 115324dc0 Options.max_bytes_for_level_multiplier_addtl[1]: 1
2022/03/31-21:06:41.826572 115324dc0 Options.max_bytes_for_level_multiplier_addtl[2]: 1
2022/03/31-21:06:41.826573 115324dc0 Options.max_bytes_for_level_multiplier_addtl[3]: 1
2022/03/31-21:06:41.826575 115324dc0 Options.max_bytes_for_level_multiplier_addtl[4]: 1
2022/03/31-21:06:41.826577 115324dc0 Options.max_bytes_for_level_multiplier_addtl[5]: 1
2022/03/31-21:06:41.826579 115324dc0 Options.max_bytes_for_level_multiplier_addtl[6]: 1
2022/03/31-21:06:41.826581 115324dc0       Options.max_sequential_skip_in_iterations: 8
2022/03/31-21:06:41.826583 115324dc0                    Options.max_compaction_bytes: 2684354550
2022/03/31-21:06:41.826585 115324dc0                        Options.arena_block_size: 33554432
2022/03/31-21:06:41.826587 115324dc0   Options.soft_pending_compaction_bytes_limit: 68719476736
2022/03/31-21:06:41.826589 115324dc0   Options.hard_pending_compaction_bytes_limit: 274877906944
2022/03/31-21:06:41.826591 115324dc0       Options.rate_limit_delay_max_milliseconds: 100
2022/03/31-21:06:41.826593 115324dc0                Options.disable_auto_compactions: 0
2022/03/31-21:06:41.826595 115324dc0                        Options.compaction_style: kCompactionStyleLevel
2022/03/31-21:06:41.826597 115324dc0                          Options.compaction_pri: kMinOverlappingRatio
2022/03/31-21:06:41.826599 115324dc0 Options.compaction_options_universal.size_ratio: 1
2022/03/31-21:06:41.826601 115324dc0 Options.compaction_options_universal.min_merge_width: 2
2022/03/31-21:06:41.826629 115324dc0 Options.compaction_options_universal.max_merge_width: 4294967295
2022/03/31-21:06:41.826631 115324dc0 Options.compaction_options_universal.max_size_amplification_percent: 200
2022/03/31-21:06:41.826633 115324dc0 Options.compaction_options_universal.compression_size_percent: -1
2022/03/31-21:06:41.826636 115324dc0 Options.compaction_options_universal.stop_style: kCompactionStopStyleTotalSize
2022/03/31-21:06:41.826638 115324dc0 Options.compaction_options_fifo.max_table_files_size: 1073741824
2022/03/31-21:06:41.826640 115324dc0 Options.compaction_options_fifo.allow_compaction: 0
2022/03/31-21:06:41.826642 115324dc0                   Options.table_properties_collectors: 
2022/03/31-21:06:41.826644 115324dc0                   Options.inplace_update_support: 0
2022/03/31-21:06:41.826646 115324dc0                 Options.inplace_update_num_locks: 10000
2022/03/31-21:06:41.826648 115324dc0               Options.memtable_prefix_bloom_size_ratio: 0.000000
2022/03/31-21:06:41.826650 115324dc0               Options.memtable_whole_key_filtering: 0
2022/03/31-21:06:41.826652 115324dc0   Options.memtable_huge_page_size: 0
2022/03/31-21:06:41.826654 115324dc0                           Options.bloom_locality: 0
2022/03/31-21:06:41.826656 115324dc0                    Options.max_successive_merges: 0
2022/03/31-21:06:41.826658 115324dc0                Options.optimize_filters_for_hits: 0
2022/03/31-21:06:41.826660 115324dc0                Options.paranoid_file_checks: 0
2022/03/31-21:06:41.826662 115324dc0                Options.force_consistency_checks: 1
2022/03/31-21:06:41.826664 115324dc0                Options.report_bg_io_stats: 0
2022/03/31-21:06:41.826665 115324dc0                               Options.ttl: 2592000
2022/03/31-21:06:41.826667 115324dc0          Options.periodic_compaction_seconds: 2592000
2022/03/31-21:06:41.826669 115324dc0                    Options.enable_blob_files: false
2022/03/31-21:06:41.826671 115324dc0                        Options.min_blob_size: 0
2022/03/31-21:06:41.826673 115324dc0                       Options.blob_file_size: 268435456
2022/03/31-21:06:41.826675 115324dc0                Options.blob_compression_type: NoCompression
2022/03/31-21:06:41.826677 115324dc0       Options.enable_blob_garbage_collection: false
2022/03/31-21:06:41.826679 115324dc0   Options.blob_garbage_collection_age_cutoff: 0.250000
2022/03/31-21:06:41.826720 115324dc0 [db/column_family.cc:597] --------------- Options for column family [duplicate_slots]:
2022/03/31-21:06:41.826724 115324dc0               Options.comparator: leveldb.BytewiseComparator
2022/03/31-21:06:41.826726 115324dc0           Options.merge_operator: None
2022/03/31-21:06:41.826728 115324dc0        Options.compaction_filter: None
2022/03/31-21:06:41.826730 115324dc0        Options.compaction_filter_factory: purged_slot_filter_factory(duplicate_slots)
2022/03/31-21:06:41.826732 115324dc0  Options.sst_partitioner_factory: None
2022/03/31-21:06:41.826734 115324dc0         Options.memtable_factory: SkipListFactory
2022/03/31-21:06:41.826736 115324dc0            Options.table_factory: BlockBasedTable
2022/03/31-21:06:41.826755 115324dc0            table_factory options:   flush_block_policy_factory: FlushBlockBySizePolicyFactory (0x7fafb7627aa0)
  cache_index_and_filter_blocks: 0
  cache_index_and_filter_blocks_with_high_priority: 1
  pin_l0_filter_and_index_blocks_in_cache: 0
  pin_top_level_index_and_filter: 1
  index_type: 0
  data_block_index_type: 0
  index_shortening: 1
  data_block_hash_table_util_ratio: 0.750000
  hash_index_allow_collision: 1
  checksum: 1
  no_block_cache: 0
  block_cache: 0x7fafb7625f18
  block_cache_name: LRUCache
  block_cache_options:
    capacity : 8388608
    num_shard_bits : 4
    strict_capacity_limit : 0
    memory_allocator : None
    high_pri_pool_ratio: 0.000
  block_cache_compressed: 0x0
  persistent_cache: 0x0
  block_size: 4096
  block_size_deviation: 10
  block_restart_interval: 16
  index_block_restart_interval: 1
  metadata_block_size: 4096
  partition_filters: 0
  use_delta_encoding: 1
  filter_policy: nullptr
  whole_key_filtering: 1
  verify_compression: 0
  read_amp_bytes_per_bit: 0
  format_version: 4
  enable_index_compression: 1
  block_align: 0
2022/03/31-21:06:41.826790 115324dc0        Options.write_buffer_size: 268435456
2022/03/31-21:06:41.826793 115324dc0  Options.max_write_buffer_number: 8
2022/03/31-21:06:41.826795 115324dc0          Options.compression: NoCompression
2022/03/31-21:06:41.826797 115324dc0                  Options.bottommost_compression: Disabled
2022/03/31-21:06:41.826799 115324dc0       Options.prefix_extractor: nullptr
2022/03/31-21:06:41.826801 115324dc0   Options.memtable_insert_with_hint_prefix_extractor: nullptr
2022/03/31-21:06:41.826803 115324dc0             Options.num_levels: 7
2022/03/31-21:06:41.826804 115324dc0        Options.min_write_buffer_number_to_merge: 1
2022/03/31-21:06:41.826806 115324dc0     Options.max_write_buffer_number_to_maintain: 0
2022/03/31-21:06:41.826808 115324dc0     Options.max_write_buffer_size_to_maintain: 0
2022/03/31-21:06:41.826810 115324dc0            Options.bottommost_compression_opts.window_bits: -14
2022/03/31-21:06:41.826812 115324dc0                  Options.bottommost_compression_opts.level: 32767
2022/03/31-21:06:41.826814 115324dc0               Options.bottommost_compression_opts.strategy: 0
2022/03/31-21:06:41.826816 115324dc0         Options.bottommost_compression_opts.max_dict_bytes: 0
2022/03/31-21:06:41.826818 115324dc0         Options.bottommost_compression_opts.zstd_max_train_bytes: 0
2022/03/31-21:06:41.826820 115324dc0         Options.bottommost_compression_opts.parallel_threads: 1
2022/03/31-21:06:41.826822 115324dc0                  Options.bottommost_compression_opts.enabled: false
2022/03/31-21:06:41.826824 115324dc0            Options.compression_opts.window_bits: -14
2022/03/31-21:06:41.826826 115324dc0                  Options.compression_opts.level: 32767
2022/03/31-21:06:41.826828 115324dc0               Options.compression_opts.strategy: 0
2022/03/31-21:06:41.826829 115324dc0         Options.compression_opts.max_dict_bytes: 0
2022/03/31-21:06:41.826831 115324dc0         Options.compression_opts.zstd_max_train_bytes: 0
2022/03/31-21:06:41.826833 115324dc0         Options.compression_opts.parallel_threads: 1
2022/03/31-21:06:41.826835 115324dc0                  Options.compression_opts.enabled: false
2022/03/31-21:06:41.826837 115324dc0      Options.level0_file_num_compaction_trigger: 4
2022/03/31-21:06:41.826839 115324dc0          Options.level0_slowdown_writes_trigger: 20
2022/03/31-21:06:41.826841 115324dc0              Options.level0_stop_writes_trigger: 36
2022/03/31-21:06:41.826843 115324dc0                   Options.target_file_size_base: 107374182
2022/03/31-21:06:41.826844 115324dc0             Options.target_file_size_multiplier: 1
2022/03/31-21:06:41.826846 115324dc0                Options.max_bytes_for_level_base: 1073741824
2022/03/31-21:06:41.826848 115324dc0 Options.level_compaction_dynamic_level_bytes: 0
